NO OF GOOD DIES:316
NO OF BAD DIES:16
ROWDATA:000 000 000 000 000 000 060 100 100 100 100 100 100 100 000 000 000 000 000 000
ROWDATA:000 000 000 000 100 100 100 100 100 100 100 100 100 100 100 100 000 000 000 000
ROWDATA:000 000 000 100 100 100 100 100 100 100 100 100 100 100 100 100 100 000 000 000
ROWDATA:000 000 100 100 100 100 100 100 100 100 060 100 100 100 100 100 100 100 000 000
ROWDATA:000 100 100 100 100 100 100 100 100 100 100 100 100 100 100 100 060 100 100 000
ROWDATA:000 100 100 100 100 060 100 100 100 100 100 100 100 100 100 100 100 100 100 000
ROWDATA:060 100 100 100 100 100 100 100 100 100 100 100 100 100 060 100 100 100 100 100
ROWDATA:100 100 100 100 100 100 100 100 100 100 100 100 100 100 100 100 100 100 100 100
ROWDATA:100 100 100 100 100 100 100 100 100 100 100 100 100 100 100 100 100 100 100 100
ROWDATA:060 100 100 100 100 100 100 100 100 100 060 100 100 100 100 100 100 100 100 100
ROWDATA:100 100 100 100 100 100 100 100 100 060 100 100 100 100 100 100 100 100 100 100
ROWDATA:100 100 100 100 100 100 100 100 100 100 100 100 100 100 100 100 100 100 100 100
ROWDATA:100 100 100 100 100 100 100 100 100 100 100 100 100 100 100 100 100 100 100 060
ROWDATA:100 100 100 100 100 100 100 100 100 100 100 100 100 060 100 100 100 100 100 060
ROWDATA:000 100 100 100 060 100 100 100 100 100 100 100 100 100 100 100 100 100 100 000
ROWDATA:000 100 100 100 100 100 100 100 100 100 100 100 100 100 100 100 100 100 100 000
ROWDATA:000 000 100 100 100 100 100 100 100 100 100 100 100 100 100 100 100 060 000 000
ROWDATA:000 000 000 100 100 100 100 100 100 100 100 100 100 100 100 100 100 000 000 000
ROWDATA:000 000 000 000 100 100 100 100 100 100 100 100 100 100 100 100 000 000 000 000
ROWDATA:000 000 000 000 000 000 100 100 100 060 060 100 100 100 000 000 000 000 000 000
